62 6 32 59
60 40
41 16
15 2
25 11
26 47
57 51
23 21 16 16
3 12
3 5
22 20
1 4
11 16
2 8
16 7
19 15
22 4
4 22
5 22
6 15
3 16
18 17
11 5
6 21
22 10
7 22
7 11
1 8
18 1
52 22 43 43
6 9
27 1
40 3
22 50
48 13
0 16
35 27
5 38
21 7
28 26
18 19
11 20
41 38
2 20
25 36
34 35
34 34
44 26
45 33
18 50
19 7
45 6
49 25 32 6
9 33
7 12
25 45
32 34
10 17
40 8
17 41
21 22
9 30
14 45
8 14
22 44
28 23
32 6
25 3
42 0
17 0
19 48
40 7
46 25
18 21
7 8
14 13
33 37
43 32
51 19 9 44
3 2
4 38
21 8
40 37
16 50
30 44
6 35
7 22
41 21
5 41
1 4
42 8
28 32
28 43
24 1
35 35
28 38
44 33
34 30
75 47 33 73
31 74
71 46
33 34
49 74
6 7
70 22
17 13
34 26
74 0
56 32
64 18
34 4
14 27
8 63
14 56
63 71
54 7
37 8
10 52
48 72
68 27
6 6
2 34
32 42
37 63
55 32
8 2
43 47
1 20
34 72
39 39
58 20
59 69
37 61
3 1
70 2
32 32
16 41
21 53
48 53
44 19
36 18
73 40
53 5
7 73
13 66
40 34
60 26 40 59
4 41
37 44
38 22
16 11
37 21
6 23
55 19
24 44
25 24
48 28
48 17
8 33
37 57
15 3
11 21
19 28
32 48
34 9
15 43
57 3
17 40
54 46
59 1
17 20
11 59
21 1
28 20 18 11
19 22
12 11
24 21
23 14
17 19
13 12
25 21
12 10
0 16
25 25
22 18
22 9
17 7
24 8
3 7
17 5
16 0
16 23
23 8
19 24
97 41 32 54
88 79
43 81
28 82
12 72
75 55
52 38
30 27
39 77
14 47
29 44
49 81
13 32
81 78
37 21
55 93
88 44
93 46
35 64
8 75
87 28
87 93
10 73
61 13
81 81
69 26
33 66
50 32
36 80
95 18
11 52
63 78
36 72
75 40
93 53
8 83
8 41
92 96
56 54
26 69
47 61
46 91
24 9 3 14
10 18
0 5
7 5
23 19
3 20
19 21
10 7
23 9
21 16
44 34 43 6
12 26
32 29
39 25
42 17
21 29
6 31
7 27
32 1
3 20
19 7
25 27
39 31
35 35
4 13
7 42
12 11
5 37
19 28
5 37
30 6
34 29
5 25
24 36
28 26
0 25
1 0
33 14
23 18
1 3
34 38
24 15
37 20
3 19
4 33
81 51 46 20
39 40
3 37
74 26
77 53
28 29
29 48
9 7
34 57
19 34
15 70
69 73
27 30
39 34
58 67
9 20
22 80
30 73
31 11
79 70
67 68
39 70
5 48
14 0
16 27
59 29
61 1
70 60
59 48
22 13
46 77
32 33
9 11
63 59
0 65
23 62
70 34
26 59
29 42
69 68
33 44
55 14
0 44
42 53
74 53
20 24
54 28
54 17
21 9
0 41
22 8
64 5
9 6 3 5
0 6
8 4
4 3
5 1
8 4
2 0
29 28 22 18
10 20
1 15
12 4
24 8
22 18
27 20
15 17
12 15
27 17
28 15
1 27
22 23
8 1
3 4
16 19
22 18
16 20
23 10
20 4
15 1
22 14
17 15
8 24
17 17
23 26
27 17
17 19
25 15
54 24 4 11
49 3
13 1
1 25
15 10
39 14
41 9
7 52
20 46
42 22
19 44
13 39
0 49
12 31
13 12
32 51
41 53
35 10
19 22
27 27
14 12
11 27
25 21
53 0
46 47
40 17 29 4
12 8
8 3
11 9
0 0
10 8
36 27
11 35
9 34
12 2
22 17
15 37
28 27
4 15
28 3
18 17
13 21
19 34
29 12 12 10
16 22
1 20
3 27
4 5
25 0
3 5
20 11
10 1
22 17
14 7
11 1
15 4
25 2 14 1
0 17
9 11
54 36 6 17
32 11
9 22
4 37
22 1
3 27
46 28
27 30
32 9
48 24
34 28
42 52
28 23
30 20
9 39
6 47
37 0
20 32
31 6
18 5
22 16
40 50
8 46
23 34
22 7
53 47
35 29
21 51
40 52
17 8
10 14
33 32
35 13
41 43
29 48
8 47
0 19
48 46 47 29
24 5
5 12
39 24
7 35
17 2
9 17
45 10
22 18
38 34
31 38
46 9
29 37
37 47
42 0
42 27
33 26
1 26
35 39
6 9
44 19
1 21
21 22
43 32
27 39
32 39
47 15
20 17
16 32
43 27
6 37
36 2
32 28
37 1
0 33
13 44
37 28
22 11
42 30
42 27
45 8
24 33
19 29
22 17
42 25
41 30
31 33
91 26 10 74
26 47
55 41
83 46
42 10
71 29
20 6
70 73
23 74
58 72
76 62
88 25
51 50
42 86
41 75
30 9
34 41
48 13
6 19
69 23
33 47
84 60
85 31
25 84
76 62
67 0
2 27
8 5 2 7
7 5
7 4
2 6
0 5
1 0
70 62 2 4
42 53
38 66
32 1
63 9
67 50
36 50
66 64
28 40
39 39
21 29
69 13
9 45
65 45
33 18
25 66
38 0
47 69
37 9
23 40
31 27
38 37
25 48
50 46
10 15
42 53
63 48
14 22
59 51
18 11
36 20
40 30
11 0
45 31
13 17
52 50
16 59
25 21
0 0
31 22
13 61
13 40
68 49
66 14
44 31
40 11
69 64
29 34
47 60
26 58
23 20
19 29
27 64
46 17
51 40
39 55
41 19
59 59
44 3
43 60
32 37
61 4
37 39
83 44 37 66
66 13
55 8
69 28
56 68
38 55
79 53
33 66
51 28
14 34
21 47
59 4
55 49
73 38
10 24
35 12
4 12
75 39
8 77
52 38
74 1
0 15
14 75
57 46
75 62
78 54
64 43
47 12
74 37
22 73
17 64
65 22
23 10
59 10
4 36
69 6
10 68
63 75
72 42
50 31
13 58
25 3
72 38
12 10
40 33
6 1 1 4
4 3
42 25 31 32
34 34
22 1
1 24
7 20
16 10
20 36
36 39
25 40
22 4
34 0
11 38
28 10
33 9
21 35
41 16
30 30
39 3
17 20
41 16
0 13
10 41
37 19
19 41
20 9
32 8
49 30 37 23
5 21
7 40
3 7
37 14
4 44
32 48
0 40
3 8
45 36
0 19
38 43
24 31
39 32
24 21
17 16
42 7
46 16
40 5
26 45
42 41
23 48
38 41
37 27
34 13
33 23
22 15
10 16
29 27
44 20
45 37
39 28 15 36
6 15
36 21
32 2
2 18
21 4
2 36
30 30
18 14
38 31
7 32
27 18
12 16
13 26
11 13
12 33
6 22
6 29
38 22
11 38
2 11
20 21
17 30
21 27
7 16
24 20
13 0
33 13
17 11
81 1 69 36
68 29
87 51 13 36
86 26
65 84
26 36
4 76
60 49
16 62
60 69
3 35
43 15
85 45
41 45
20 37
9 15
76 59
68 50
8 38
80 64
44 35
34 54
32 77
70 57
49 85
78 65
23 44
53 55
20 42
26 45
67 25
30 4
73 12
25 68
66 60
58 28
74 78
72 35
85 62
69 66
5 17
76 38
26 58
39 51
59 41
24 33
41 60
10 24
84 61
32 20
26 8
83 76
2 10
69 44
26 24 18 6
4 15
7 4
10 19
24 6
4 9
24 20
24 0
5 10
19 14
6 6
6 23
10 4
22 16
25 21
19 9
8 8
16 11
20 23
2 6
6 11
13 7
17 22
20 17
11 4
10 3 1 2
2 0
2 3
5 9
99 98 15 49
61 68
96 12
30 30
9 72
2 88
21 90
27 62
40 62
70 86
40 3
65 19
46 66
65 90
46 83
32 31
96 75
69 65
54 55
32 89
81 70
25 52
83 4
27 25
4 87
42 96
56 41
22 83
2 84
54 69
51 58
76 89
17 76
96 66
81 59
69 91
0 73
41 0
22 97
85 94
46 97
50 84
67 76
47 92
75 96
81 96
25 61
85 66
48 29
23 34
47 60
44 92
14 56
64 52
15 6
22 24
8 4
16 0
29 19
58 63
75 25
55 28
72 51
46 24
35 44
12 7
86 37
87 75
83 89
91 2
91 10
93 86
40 11
46 63
49 20
9 39
15 88
64 92
59 31
82 45
34 27
12 93
87 18
71 41
82 43
8 13
47 36
89 75
4 27
33 73
0 81
83 80
21 4
83 90
5 52
50 36
10 82
58 74
3 78
1 0 0 0
40 16 27 35
5 19
17 20
37 20
34 38
24 35
29 12
30 0
11 21
28 17
20 39
4 14
34 19
33 11
19 3
33 6
37 9
1 0 0 0
90 68 73 1
49 72
69 0
4 89
77 6
58 10
51 16
53 27
59 18
19 79
0 83
17 15
33 46
78 73
35 24
77 32
24 78
30 48
62 41
39 14
28 58
66 3
66 74
89 10
55 71
83 87
6 35
6 32
37 69
61 76
46 68
68 86
83 81
59 25
50 0
55 71
34 12
16 27
29 34
31 65
23 1
83 61
85 83
42 27
21 26
51 55
28 62
28 2
79 21
51 11
43 10
21 50
25 19
17 17
43 17
32 67
54 30
58 44
73 75
52 6
11 88
29 63
16 19
70 55
77 23
32 73
75 87
35 9
62 71
41 3 17 40
17 2
21 33
3 6
43 31 2 8
2 23
4 7
42 35
34 4
25 13
11 32
30 11
20 8
21 15
8 17
18 32
33 13
12 23
6 40
6 23
37 28
22 2
15 23
8 15
24 30
5 11
28 0
18 42
26 10
29 41
27 40
40 27
20 40
17 14
23 21
24 17
75 61 2 32
52 17
46 30
68 40
49 4
38 5
27 18
69 23
42 38
72 28
33 4
56 21
27 63
57 33
58 67
16 72
36 11
5 41
63 59
36 66
70 11
18 39
49 7
60 10
73 73
21 68
10 9
66 13
26 40
10 42
47 4
30 59
74 32
23 30
15 71
14 15
37 68
6 2
21 67
46 57
74 27
69 39
54 57
10 4
15 11
35 67
21 38
19 46
19 14
27 56
51 31
65 62
61 56
61 67
29 64
20 18
51 62
8 25
0 22
58 11
58 36
42 22
8 3 2 2
6 4
4 0
6 4
26 25 1 0
13 9
15 23
17 0
3 22
17 7
9 15
22 3
25 14
1 20
24 18
7 3
13 14
7 8
13 6
10 4
21 7
9 16
18 3
6 1
1 25
6 1
1 14
10 3
4 18
24 12
94 33 2 2
14 8
19 43
14 60
7 72
13 60
56 66
14 16
34 22
29 62
19 6
17 58
88 58
12 45
41 84
92 38
26 47
50 83
60 59
23 28
3 41
56 71
9 91
57 50
80 59
10 82
31 0
85 15
69 71
88 23
20 30
8 83
77 77
5 38
89 59 69 60
76 70
51 66
55 6
5 81
60 73
77 8
41 52
40 54
18 21
36 24
27 65
6 86
83 63
4 40
45 45
54 62
20 50
11 71
45 66
1 83
28 75
7 83
18 8
5 77
51 54
78 31
84 57
20 82
63 32
19 71
87 3
12 38
82 35
58 13
47 14
52 42
30 85
70 31
45 7
81 16
40 20
30 44
80 78
61 32
47 21
64 4
48 27
63 81
34 8
81 59
4 51
12 55
72 63
22 47
27 65
10 85
84 11
10 42
81 85
94 43 76 58
39 63
50 9
45 85
60 24
47 61
26 52
90 6
70 66
44 47
82 71
72 54
13 24
37 93
33 4
23 68
72 60
30 40
16 72
12 80
11 11
68 2
86 91
28 12
23 14
67 66
90 40
59 80
50 65
56 44
71 1
85 9
13 78
42 29
81 45
6 64
47 13
81 27
27 41
93 28
57 69
79 64
89 24
13 61
91 9 12 28
0 44
2 28
74 15
88 26
90 8
76 51
65 15
4 23
32 74
69 65 55 20
65 5
38 57
45 8
8 49
47 54
35 47
18 44
60 44
24 42
38 30
58 16
20 51
23 47
25 44
37 60
32 62
50 6
50 39
63 35
11 16
43 5
4 54
44 50
3 54
26 43
63 36
45 49
0 20
40 8
25 10
25 12
0 24
30 19
13 65
32 66
37 44
32 8
4 41
48 48
32 23
29 61
47 48
23 51
59 5
42 31
24 19
68 26
45 32
62 11
61 9
43 12
42 26
33 29
12 0
6 19
10 24
2 23
59 36
24 66
9 68
64 4
31 49
65 3
34 45
63 32
79 16 44 38
48 63
50 69
65 49
4 60
52 7
67 61
67 5
59 75
19 19
34 61
38 69
39 21
17 76
78 46
39 12
25 5
6 1 1 4
4 4
94 86 15 8
8 86
78 49
63 43
15 92
32 23
2 82
79 42
46 22
91 80
18 93
18 74
66 21
76 3
12 13
26 24
65 29
70 1
61 83
45 47
23 90
61 71
47 35
19 44
43 68
46 46
53 85
83 3
77 39
72 32
80 1
90 72
5 59
63 39
54 49
3 72
16 43
76 47
80 43
35 84
16 36
25 53
23 16
76 38
9 69
20 77
88 22
57 91
67 49
20 49
38 35
11 16
64 43
15 1
20 19
40 50
52 69
60 44
16 92
63 54
72 38
91 7
87 64
47 86
15 6
23 90
79 65
15 15
45 79
1 80
52 6
62 14
10 21
6 42
56 46
58 51
43 89
75 18
63 55
73 3
48 2
1 70
85 14
22 66
50 51
77 73
19 62
52 10 4 7
23 28
42 42
33 25
13 14
12 17
34 20
46 41
51 39
3 19
24 40
80 14 61 75
47 46
9 59
67 62
32 53
57 10
62 6
79 61
9 77
12 79
75 58
30 6
48 28
24 61
30 57
12 8 5 5
11 0
6 7
9 8
8 8
2 0
5 9
0 6
10 11
94 61 25 53
31 19
27 58
57 92
10 34
89 36
81 22
8 80
23 35
62 78
53 6
65 81
36 67
15 20
24 49
38 39
65 9
72 57
32 43
86 18
79 79
27 8
0 58
36 74
46 63
61 42
34 55
66 44
88 56
27 34
28 20
23 31
42 64
10 92
67 63
26 4
54 22
5 12
29 5
74 89
66 11
1 58
42 33
32 30
62 88
66 1
20 80
77 24
76 82
53 60
45 21
93 65
7 76
56 52
65 27
78 55
52 52
54 47
82 25
84 15
5 44
44 93
11 2 6 10
0 6
0 2
63 12 60 26
26 44
7 25
3 26
10 54
23 12
37 19
3 36
52 57
46 57
26 52
52 24
32 44
33 30 26 11
29 19
27 26
8 26
11 29
29 19
13 23
4 25
4 4
29 31
24 29
12 17
2 28
13 20
19 28
31 3
1 23
14 19
15 30
14 17
28 31
27 23
25 29
10 4
10 0
27 9
8 20
20 6
1 30
19 8
20 9
82 5 76 79
49 0
77 72
59 20
65 60
22 9
96 82 65 43
52 27
53 24
18 87
82 44
73 50
46 53
21 28
65 47
68 55
75 33
11 86
3 94
88 5
13 73
7 74
10 28
57 75
84 11
34 49
42 4
67 11
72 89
55 53
26 66
81 89
83 28
70 55
57 87
71 66
68 79
82 11
7 88
72 34
45 0
2 26
72 79
0 77
38 82
35 63
5 25
60 39
73 93
36 44
43 6
77 76
52 76
25 34
10 61
74 9
42 94
57 60
55 53
75 64
17 39
0 37
10 93
14 40
21 76
46 29
0 53
85 43
4 42
37 88
90 18
37 38
80 47
15 30
61 30
41 13
81 95
86 76
16 22
13 69
64 16
74 82
65 74
68 71
61 79
63 19
32 32
34 4
42 57
13 2 4 4
5 0
9 2
46 1 3 29
4 6
63 61 29 19
42 45
13 21
15 39
40 43
27 39
54 25
30 57
34 12
4 60
4 19
37 45
17 22
19 28
32 25
13 5
54 32
41 18
45 23
8 43
39 47
37 62
27 17
3 7
3 7
7 55
13 25
26 3
56 55
14 33
48 50
61 49
36 51
18 11
56 6
48 58
24 11
16 55
6 46
37 54
9 41
20 1
23 47
26 13
53 4
28 52
11 47
35 26
53 45
62 26
5 14
20 17
39 5
16 18
55 33
44 28
10 35
9 58
6 48
8 55
18 13
17 34
84 37 38 2
42 65
6 39
0 21
70 26
66 37
81 20
68 82
23 9
10 82
31 14
46 33
67 13
44 54
77 64
0 40
76 77
61 73
16 77
16 6
18 38
78 22
12 47
62 11
75 26
30 22
66 35
13 39
14 8
41 58
34 66
18 64
49 79
55 36
57 78
39 11
63 82
22 50
67 23 40 43
37 65
0 65
25 65
51 52
8 60
9 23
2 53
54 28
14 45
7 36
19 44
65 43
16 43
32 43
34 26
23 38
57 27
21 14
59 36
10 19
37 62
23 64
33 13
49 13 40 22
37 16
7 33
48 48
11 46
47 36
0 2
48 23
28 29
15 15
15 3
18 43
3 5
39 40
99 89 85 76
51 57
42 5
52 67
41 62
51 6
5 3
53 38
53 94
91 68
4 41
43 16
16 45
44 60
62 26
78 18
35 69
13 18
64 1
32 26
68 40
94 77
13 69
11 0
93 47
82 37
22 92
29 95
29 98
98 15
60 77
16 62
88 2
67 89
12 53
54 23
63 29
32 31
91 33
66 52
57 82
6 15
88 72
30 35
48 32
52 28
54 98
34 16
96 52
12 62
19 42
70 32
76 40
70 88
54 49
70 38
59 22
50 30
66 84
66 19
28 51
53 11
35 17
2 82
31 89
31 2
78 95
72 47
69 74
0 47
70 19
11 22
26 79
90 82
78 79
96 53
33 59
36 42
51 6
24 84
70 78
89 42
44 86
84 87
11 37
96 70
71 88
6 85
91 71
87 46
72 69 19 39
18 20
0 2
69 15
29 41
59 45
5 39
17 10
48 53
70 33
48 8
54 57
66 11
9 7
11 70
19 36
38 3
5 40
29 59
29 14
6 20
49 66
56 70
25 25
45 6
54 24
35 50
6 0
54 71
57 56
16 55
64 51
36 15
5 4
55 48
70 71
8 11
22 34
1 43
61 44
14 54
6 20
14 44
58 61
56 51
28 25
24 42
12 4
17 45
0 66
13 9
24 43
19 8
56 37
25 54
36 67
43 5
6 46
42 62
20 41
39 1
0 41
50 63
0 4
31 38
47 25
48 61
3 9
9 33
1 44
75 48 69 44
14 38
15 18
5 5
36 43
9 16
5 35
26 74
71 12
47 6
50 35
29 29
0 7
20 46
38 12
63 50
13 23
61 67
10 42
3 31
69 47
64 17
6 41
12 68
8 43
13 42
41 29
50 31
16 13
46 74
21 15
4 73
51 58
74 13
16 10
70 49
3 6
41 24
52 70
51 8
18 30
43 9
36 11
5 65
72 2
30 40
40 31
40 54
24 73
92 36 4 32
14 43
77 67
49 56
27 90
15 65
19 33
87 11
21 46
9 17
54 23
30 81
4 28
26 40
75 72
22 64
13 56
24 67
4 74
64 46
82 18
58 63
53 91
42 78
69 88
83 73
91 60
11 62
87 39
81 46
12 6
88 72
86 74
23 88
12 31
69 40
91 26
70 46 9 9
10 56
66 61
21 48
66 44
17 8
18 31
25 55
38 1
35 28
58 12
33 64
55 1
20 16
10 41
62 42
33 62
38 13
22 1
44 2
47 18
22 55
27 25
65 11
19 51
10 48
27 38
13 40
13 43
42 66
21 46
28 61
5 57
52 16
36 51
50 45
64 60
49 27
62 18
6 36
53 53
32 30
48 3
10 0
48 36
51 39
64 34
8 7 6 2
1 7
0 3
0 1
7 5
7 3
7 5
7 3
13 8 2 11
12 6
4 12
9 2
7 4
8 3
12 2
7 9
4 3
52 20 48 4
21 42
40 40
4 17
35 38
26 24
2 24
34 44
7 23
32 41
5 33
11 27
25 20
12 22
14 40
8 17
25 15
36 29
50 50
35 44
10 14
31 7 19 13
21 21
5 25
10 24
11 17
27 24
7 2
4 30
35 30 9 16
2 26
30 32
14 30
20 5
25 26
15 5
4 33
17 13
32 21
32 28
33 15
11 32
3 11
21 9
16 9
30 6
13 19
33 18
27 0
21 18
33 0
15 28
17 2
34 26
2 33
0 4
8 6
27 0
4 3
3 15
1 0 0 0
65 35 11 44
58 29
38 15
42 14
7 37
40 55
31 47
8 12
61 32
24 61
6 8
30 58
10 10
8 54
35 26
16 59
54 63
63 20
45 56
50 2
20 43
41 56
63 27
30 12
38 55
2 26
44 62
59 61
39 38
56 7
21 16
5 63
42 20
31 5
22 37
54 64
71 15 59 13
20 29
18 44
66 1
55 17
18 14
12 18
2 58
15 27
40 59
6 28
32 46
10 16
32 14
19 12
51 21
78 36 37 48
25 53
8 66
6 2
29 41
54 46
48 68
64 49
12 8
1 19
43 62
77 69
28 58
27 30
67 5
22 77
58 20
1 23
74 57
19 13
45 52
45 75
31 30
57 18
36 14
6 20
22 36
26 33
16 63
26 41
63 31
8 58
29 3
0 5
49 73
4 77
3 62
80 36 39 73
18 3
79 18
0 64
9 50
3 49
78 32
79 34
42 73
37 63
67 78
16 69
79 63
42 52
68 42
36 71
33 14
38 55
59 4
19 45
74 48
33 39
6 53
7 45
12 7
56 52
5 37
48 66
72 22
28 67
78 2
14 12
39 5
1 78
12 48
74 29
53 65
62 34 4 12
6 52
45 35
22 27
2 22
2 14
36 53
19 52
44 11
9 33
13 5
40 4
1 53
20 18
20 2
16 20
48 7
39 38
23 38
4 2
2 17
19 29
19 34
50 49
24 40
31 47
23 39
1 15
50 30
51 56
37 11
50 32
30 25
11 58
2 13
11 1 2 7
0 9
43 4 39 42
12 3
31 22
17 22
24 1
4 3 1 0
3 1
1 0
2 2
42 19 11 26
29 18
0 29
3 36
37 1
35 14
25 9
26 27
16 14
37 36
11 13
9 37
12 3
41 22
24 23
38 40
25 38
39 19
16 20
26 7
21 2 14 19
10 7
18 11
58 0 47 10
48 37 33 43
25 15
14 41
36 19
34 16
16 15
35 6
0 42
11 47
40 41
20 34
13 1
43 14
11 24
37 3
38 11
38 16
2 37
31 9
39 31
8 11
15 19
15 19
18 21
31 27
5 4
5 39
14 45
31 0
42 1
6 46
3 8
13 43
28 6
26 37
47 29
20 21
42 20
22 2 4 10
12 11
10 11
37 8 25 16
6 12
25 28
17 34
0 1
16 25
33 1
32 12
21 33
84 80 69 35
1 56
59 0
77 63
49 76
59 4
57 7
51 24
72 77
49 52
77 51
29 29
75 63
12 33
82 41
9 33
36 30
11 60
77 71
11 31
40 18
69 47
63 41
35 35
29 52
16 59
82 76
66 43
68 35
47 44
61 5
18 63
23 47
9 80
3 64
45 10
57 62
48 40
28 6
66 47
9 10
55 49
0 14
28 25
79 57
52 36
37 13
57 36
42 57
3 58
62 46
71 30
7 52
48 73
30 71
47 34
72 1
9 46
45 66
6 28
34 81
18 77
80 65
82 42
0 52
76 83
32 14
47 37
29 65
79 47
27 51
79 62
82 13
59 49
75 55
20 38
26 0
30 74
57 11
70 42
61 46
71 21 70 54
58 21
47 18
5 65
23 59
0 13
9 49
5 35
13 21
13 43
61 25
43 56
22 47
18 46
21 32
22 33
47 38
4 55
2 31
36 57
5 39
50 34
1 0 0 0
73 60 65 55
58 26
28 72
56 63
12 16
34 16
54 26
19 72
48 66
19 57
34 25
29 19
50 53
68 70
16 28
43 64
17 22
21 12
6 20
29 51
28 50
69 61
24 7
45 57
30 48
60 22
16 9
14 46
62 55
60 12
20 50
6 43
20 14
66 52
44 11
45 43
32 71
72 69
64 0
36 45
32 49
9 23
57 26
30 4
32 25
58 35
26 50
62 10
46 32
17 16
49 49
1 17
1 22
4 34
24 37
27 9
48 49
47 58
40 27
59 24
47 31
92 41 17 29
17 36
24 89
27 25
79 72
17 68
44 69
42 56
91 14
7 74
74 45
47 70
10 29
26 87
56 3
36 73
56 13
87 66
2 54
46 88
86 79
16 82
18 78
52 65
28 30
42 52
58 78
14 29
60 61
87 10
4 29
35 83
34 43
41 30
85 55
71 41
10 87
49 23
2 17
54 90
58 4
53 91
84 66 26 82
41 19
67 83
47 2
81 29
72 36
23 23
1 27
25 73
48 24
9 11
49 77
2 51
50 66
4 67
51 57
52 38
6 49
56 56
21 8
6 64
1 27
17 77
81 47
68 42
12 62
62 39
63 60
2 45
38 2
27 61
72 50
38 68
70 36
15 17
60 9
18 35
34 14
4 76
82 7
72 35
9 40
53 46
23 72
52 59
70 33
3 4
50 79
30 12
71 76
25 44
31 15
13 58
47 15
22 17
47 83
45 61
80 48
19 72
14 78
66 69
26 6
38 40
69 23
63 75
49 81
33 71
78 64 33 43
69 47
16 73
45 66
65 16
38 74
3 22
43 42
4 0
55 73
61 60
28 8
0 4
71 18
62 20
12 76
20 21
39 4
43 19
3 33
16 61
36 65
30 19
25 71
36 57
25 62
39 59
14 74
63 57
15 62
40 1
42 46
5 3
52 46
61 53
49 1
73 56
35 58
76 43
15 64
25 16
59 18
64 70
14 16
53 0
66 17
44 70
46 45
50 10
7 4
77 17
8 0
42 12
54 3
60 11
14 38
33 74
9 69
60 29
63 8
0 38
7 21
77 10
10 10
70 74
72 7 24 42
70 38
30 8
37 32
26 58
18 39
8 9
4 29
